There are aways some confusions in the area with in the common regions of two clusters.

     4
     1
     4
     4
     1
     3
     1
     1
     2
     6
     1
     2
     3
     3
     1
     4
     4
     1
     4
     4
     4
     4
     1
     1
     4
     4
     6
     4
     2
     4
     3
     4
     4
     3
     4
     4
     1
     1
     4
     4
     1
     1
     4
     1
     1
     7
     7
     1
     4
     1
     3
     3
     6
     4
     4
     1
     4
     7
     4
     4
     2
     3
     1
     3
     3
     4
     2
     4
     4
     4
     4
     2
     4
     1
     1
     4
     1
     4
     3
     4
     3
     3
     3
     4
     4
     4
     4
     1
     4
     4
     4
     1
     4
     4
     3
     2
     4
     4
     3
     1
     1
     4
     1
     4
     4
     4
     4
     4
     1
     3
     1
     4
     4
     4
     1
     4
     2
     4
     9
     1
     1
     4
     4
     4
     3
     4
     3
     4
     4
     1
     4
     4
     9
     2
     3
     3
     1
     3
     4
     4
     1
     4
     4
     4
     3
     1
     4
     2
     4
     2
     1
     4
     4
     4
     3
     4
     2
     1
     2
     4
     4
     1
     2
     4
     4
     4
     4
     4
     4
     1
     4
     4
     4
     9
     1
     4
     1
     1
     1
     1
     4
     4
     2
     9
     1
     1
     2
     4
     1